Version 0.9.7
5
 4 10 175 77 128 0 1
 5 80 400 206 81 2 2
 0 234 111 877 276 8 3
 3 666 225 203 58 144 4
 1 302 214 206 81 159 5
 0
13
 255 5 71 189 71 189 71 138 71 138 287 138 287 138 0 1 0 3
 0 5 71 288 71 288 71 359 71 359 287 359 287 359 0 1 0 3
 0 5 638 359 638 359 638 359 638 320 638 320 638 320 0 3 0 3
 255 5 560 138 560 138 560 138 560 177 560 177 560 177 0 3 0 3
 0 5 677 262 677 262 677 262 677 359 677 359 677 359 0 4 0 3
 65280 5 612 281 612 281 612 391 712 391 712 269 712 269 0 3 0 4
 32768 5 732 269 732 269 732 403 625 403 625 281 625 281 0 4 0 3
 0 5 71 275 71 275 71 283 71 283 317 283 317 283 0 1 0 5
 16711680 5 599 281 599 281 599 332 349 332 349 251 358 251 0 3 0 5
 16776960 5 560 281 560 281 560 320 369 320 369 251 377 251 0 3 0 5
 8388863 5 573 281 573 281 573 310 382 310 382 251 396 251 0 3 0 5
 65535 5 586 281 586 281 586 303 406 303 406 251 415 251 0 3 0 5
 255 5 317 225 317 225 71 225 71 225 71 228 71 228 0 5 0 1
1
 7074 1 14 554 229 5 0 0 8583448 3
