Version 0.9.7
5
 4 10 175 77 128 0 1
 5 80 400 206 81 2 2
 0 456 122 877 276 8 3
 1 172 210 206 81 148 4
 3 1080 401 203 58 160 5
 0
26
 16711680 5 71 288 71 288 71 370 71 370 509 370 509 370 0 1 0 3
 255 5 71 189 71 189 71 136 71 136 509 136 509 136 0 1 0 3
 255 5 717 136 717 136 717 136 717 188 717 188 717 188 0 3 0 3
 0 5 977 331 977 331 977 331 977 370 977 370 977 370 0 3 0 3
 0 5 795 331 795 331 795 331 795 370 795 370 795 370 0 3 0 3
 255 5 899 188 899 188 899 188 899 149 899 149 899 149 0 3 0 3
 255 5 71 228 71 228 71 221 71 221 187 221 187 221 0 1 0 4
 65793 5 71 275 71 275 71 279 71 279 187 279 187 279 0 1 0 4
 65535 5 228 221 228 221 228 156 461 156 461 188 483 188 0 4 0 3
 65280 5 247 221 247 221 247 161 496 161 496 188 496 188 0 4 0 3
 128 5 266 221 266 221 266 176 509 176 509 188 509 188 0 4 0 3
 65535 5 483 201 442 201 442 83 730 83 730 201 730 201 0 3 0 3
 65280 5 496 201 489 201 489 96 743 96 743 201 743 201 0 3 0 3
 128 5 509 201 523 201 523 108 769 108 769 201 769 201 0 3 0 3
 65535 5 483 214 425 214 425 30 952 30 952 201 951 201 0 3 0 3
 65408 5 496 214 502 214 502 40 964 40 964 201 964 201 0 3 0 3
 10485760 5 977 201 993 201 993 99 782 99 782 201 782 201 0 3 0 3
 10485760 5 977 214 1004 214 1004 154 925 154 925 201 925 201 0 3 0 3
 255 5 1068 136 1068 136 1068 136 1068 188 1068 188 1068 188 0 3 0 3
 65793 5 1146 331 1146 331 1146 331 1146 331 1146 370 1146 370 0 3 0 3
 65793 5 1068 370 1068 370 1068 438 1068 438 1091 438 1091 438 0 3 0 5
 16711808 5 756 201 756 201 756 77 1081 77 1081 201 1081 201 0 3 0 3
 16776960 5 795 201 795 201 795 111 1094 111 1094 201 1094 201 0 3 0 3
 8388672 5 1126 445 1126 465 881 465 881 216 938 216 938 227 0 5 0 3
 33023 5 1107 227 1107 217 1341 217 1341 465 1146 465 1146 445 0 3 0 5
 128 5 509 214 509 214 509 61 912 61 912 201 912 201 0 3 0 3
3
 7008 1 14 711 240 5 0 0 8583448 3
 7086 1 14 893 240 5 0 1 4214488 3
 7032 1 14 1062 240 5 0 0 8583448 3
